NODE_35_length_57177_cov_21.607443||full	NC_030940.1	75.926	2538	547	58	32759	35266	26265	23762	0.0	1243
NODE_35_length_57177_cov_21.607443||full	NC_030940.1	72.071	2023	491	56	39557	41556	19812	17841	2.36e-149	538
NODE_63_length_1045_cov_77.397727||full	NC_028696.2	94.444	36	2	0	126	161	17685	17650	5.41e-06	56.5
NODE_63_length_1045_cov_77.397727||full	NC_028696.2	94.444	36	2	0	126	161	40310	40275	5.41e-06	56.5
NODE_3_length_561591_cov_22.304945||0_partial	NC_019504.1	75.847	236	47	8	54644	54874	30020	30250	1.37e-20	111
NODE_3_length_561591_cov_22.304945||1_partial	NC_074659.1	88.298	4871	562	7	22949	27815	27747	32613	0.0	5830
NODE_3_length_561591_cov_22.304945||1_partial	NC_074659.1	86.686	1735	225	5	27849	29580	33136	34867	0.0	1919
NODE_3_length_561591_cov_22.304945||1_partial	NC_074659.1	75.615	2481	551	43	41805	44258	47896	50349	0.0	1181
NODE_3_length_561591_cov_22.304945||1_partial	NC_074659.1	88.430	847	98	0	29923	30769	35212	36058	0.0	1022
NODE_3_length_561591_cov_22.304945||1_partial	NC_074659.1	83.707	1025	153	10	31051	32068	36117	37134	0.0	955
NODE_3_length_561591_cov_22.304945||1_partial	NC_074659.1	87.679	560	63	6	7095	7651	6017	6573	0.0	647
NODE_3_length_561591_cov_22.304945||1_partial	NC_074659.1	93.519	108	5	2	11237	11343	12966	13072	3.43e-35	159
NODE_3_length_561591_cov_22.304945||1_partial	NC_074659.1	89.706	68	5	2	2569	2635	3289	3355	5.90e-13	86.1
NODE_3_length_561591_cov_22.304945||1_partial	NC_074659.1	100.000	38	0	0	13612	13649	16439	16476	1.65e-08	71.3
NODE_10_length_203603_cov_21.641677||0_partial	NC_005262.3	77.957	372	73	7	33930	34295	15024	14656	9.79e-55	224
NODE_13_length_179333_cov_21.965703||0_partial	NC_074659.1	89.529	191	20	0	10291	10481	47113	47303	1.05e-60	243
NODE_13_length_179333_cov_21.965703||0_partial	NC_074659.1	88.482	191	22	0	10291	10481	14194	14004	2.26e-57	231
NODE_15_length_142547_cov_21.587296||0_partial	NC_024365.1	90.476	63	6	0	8154	8216	13132	13070	8.95e-13	84.2
NODE_19_length_123298_cov_22.195015||0_partial	NC_009542.2	81.132	106	18	2	2113	2217	11585	11481	5.75e-13	84.2
NODE_30_length_79754_cov_22.469132||0_partial	NC_030940.1	71.946	1490	356	47	12397	13861	14955	16407	4.37e-102	379
