NODE_25_length_69351_cov_22.819673||full	NC_070881.1	98.214	168	3	0	66032	66199	33562	33395	7.23e-76	294
NODE_38_length_30915_cov_20.852974||full	NC_074658.1	79.187	6842	1291	114	6906	13688	20502	27269	0.0	4623
NODE_41_length_28167_cov_22.287754||full	NC_074659.1	87.454	4113	478	32	16464	20555	22659	18564	0.0	4702
NODE_41_length_28167_cov_22.287754||full	NC_074659.1	92.694	917	66	1	4597	5513	36481	35566	0.0	1321
NODE_41_length_28167_cov_22.287754||full	NC_074659.1	88.296	487	57	0	3515	4001	37817	37331	1.56e-163	584
NODE_41_length_28167_cov_22.287754||full	NC_074659.1	88.684	433	45	4	15382	15812	24355	23925	9.56e-146	525
NODE_41_length_28167_cov_22.287754||full	NC_074659.1	74.643	1120	255	24	7576	8681	32617	31513	1.63e-128	468
NODE_41_length_28167_cov_22.287754||full	NC_074659.1	78.893	488	103	0	21120	21607	17991	17504	2.24e-87	331
NODE_41_length_28167_cov_22.287754||full	NC_074659.1	83.946	299	38	10	13352	13645	26611	26318	2.96e-71	278
NODE_41_length_28167_cov_22.287754||full	NC_074659.1	93.617	141	9	0	4004	4144	37134	36994	3.04e-51	211
NODE_41_length_28167_cov_22.287754||full	NC_074659.1	89.815	108	5	4	23221	23322	16477	16370	6.77e-28	134
NODE_41_length_28167_cov_22.287754||full	NC_074659.1	89.247	93	6	3	25339	25428	13076	12985	8.82e-22	113
NODE_41_length_28167_cov_22.287754||full	NC_074659.1	95.775	71	2	1	24970	25039	13444	13374	8.82e-22	113
NODE_41_length_28167_cov_22.287754||full	NC_074659.1	100.000	34	0	0	25850	25883	12029	11996	9.01e-07	63.9
NODE_56_length_2483_cov_38.197007||full	NC_074659.1	81.068	206	36	3	1815	2019	42484	42281	2.71e-37	161
NODE_58_length_1817_cov_49.209770||full	NC_074659.1	100.000	61	0	0	1081	1141	3949	3889	5.38e-23	113
NODE_3_length_426845_cov_21.425770||0_partial	NC_074659.1	81.925	3242	554	30	14416	17641	51120	47895	0.0	2712
NODE_4_length_386586_cov_21.603489||0_partial	NC_070881.1	85.366	1271	180	6	17062	18329	40827	42094	0.0	1312
NODE_4_length_386586_cov_21.603489||0_partial	NC_070881.1	82.331	266	43	3	13410	13674	35494	35756	8.35e-56	228
NODE_4_length_386586_cov_21.603489||0_partial	NC_070881.1	100.000	33	0	0	17027	17059	40285	40317	8.96e-06	62.1
NODE_15_length_144956_cov_21.118837||0_partial	NC_074659.1	86.131	2466	325	15	12891	15348	50352	47896	0.0	2643
NODE_15_length_144956_cov_21.118837||0_partial	NC_074659.1	86.840	1079	141	1	15373	16450	47307	46229	0.0	1205
NODE_15_length_144956_cov_21.118837||0_partial	NC_074659.1	78.024	496	91	12	15373	15865	14000	14480	5.24e-77	296
NODE_17_length_135243_cov_21.747252||0_partial	NC_024365.1	90.476	63	6	0	19774	19836	13070	13132	7.81e-13	84.2
