NODE_25_length_69351_cov_25.021249||full	NC_070881.1	98.214	168	3	0	66032	66199	33562	33395	7.23e-76	294
NODE_32_length_30915_cov_23.682405||full	NC_074658.1	79.187	6842	1291	114	6906	13688	20502	27269	0.0	4623
NODE_34_length_28167_cov_25.116661||full	NC_074659.1	87.454	4113	478	32	16464	20555	22659	18564	0.0	4702
NODE_34_length_28167_cov_25.116661||full	NC_074659.1	92.694	917	66	1	4597	5513	36481	35566	0.0	1321
NODE_34_length_28167_cov_25.116661||full	NC_074659.1	88.296	487	57	0	3515	4001	37817	37331	1.56e-163	584
NODE_34_length_28167_cov_25.116661||full	NC_074659.1	88.684	433	45	4	15382	15812	24355	23925	9.56e-146	525
NODE_34_length_28167_cov_25.116661||full	NC_074659.1	74.643	1120	255	24	7576	8681	32617	31513	1.63e-128	468
NODE_34_length_28167_cov_25.116661||full	NC_074659.1	78.893	488	103	0	21120	21607	17991	17504	2.24e-87	331
NODE_34_length_28167_cov_25.116661||full	NC_074659.1	83.946	299	38	10	13352	13645	26611	26318	2.96e-71	278
NODE_34_length_28167_cov_25.116661||full	NC_074659.1	93.617	141	9	0	4004	4144	37134	36994	3.04e-51	211
NODE_34_length_28167_cov_25.116661||full	NC_074659.1	89.815	108	5	4	23221	23322	16477	16370	6.77e-28	134
NODE_34_length_28167_cov_25.116661||full	NC_074659.1	89.247	93	6	3	25339	25428	13076	12985	8.82e-22	113
NODE_34_length_28167_cov_25.116661||full	NC_074659.1	95.775	71	2	1	24970	25039	13444	13374	8.82e-22	113
NODE_34_length_28167_cov_25.116661||full	NC_074659.1	100.000	34	0	0	25850	25883	12029	11996	9.01e-07	63.9
NODE_46_length_2483_cov_42.202411||full	NC_074659.1	81.068	206	36	3	463	667	42281	42484	2.71e-37	161
NODE_48_length_1817_cov_56.082759||full	NC_074659.1	100.000	61	0	0	1081	1141	3949	3889	5.38e-23	113
NODE_3_length_502287_cov_24.765124||0_partial	NC_070881.1	85.366	1271	180	6	17062	18329	40827	42094	0.0	1312
NODE_3_length_502287_cov_24.765124||0_partial	NC_070881.1	82.331	266	43	3	13410	13674	35494	35756	8.35e-56	228
NODE_3_length_502287_cov_24.765124||0_partial	NC_070881.1	100.000	33	0	0	17027	17059	40285	40317	8.96e-06	62.1
NODE_4_length_426660_cov_23.493953||0_partial	NC_074659.1	81.925	3242	554	30	4428	7653	47895	51120	0.0	2712
NODE_8_length_288606_cov_23.380814||0_partial	NC_074659.1	86.131	2466	325	15	2734	5191	47896	50352	0.0	2643
NODE_8_length_288606_cov_23.380814||0_partial	NC_074659.1	86.840	1079	141	1	1632	2709	46229	47307	0.0	1205
NODE_8_length_288606_cov_23.380814||0_partial	NC_074659.1	78.024	496	91	12	2217	2709	14480	14000	8.81e-77	296
NODE_15_length_135536_cov_24.045874||0_partial	NC_024365.1	90.476	63	6	0	8246	8308	13132	13070	1.12e-12	84.2
