NODE_1_length_696009_cov_17.982470||0_partial	NC_030940.1	75.382	2620	572	62	26340	28922	23682	26265	0.0	1197
NODE_1_length_696009_cov_17.982470||0_partial	NC_030940.1	74.232	1595	365	38	21392	22963	18213	19784	4.87e-176	627
NODE_1_length_696009_cov_17.982470||0_partial	NC_030940.1	72.835	1513	344	51	18290	19767	14892	16372	2.43e-124	455
NODE_1_length_696009_cov_17.982470||0_partial	NC_030940.1	72.509	582	148	11	2752	3327	4813	5388	5.89e-41	178
NODE_3_length_559161_cov_17.363956||0_partial	NC_074659.1	89.889	4886	485	9	31474	36353	32610	27728	0.0	6277
NODE_3_length_559161_cov_17.363956||0_partial	NC_074659.1	81.925	3242	554	30	12168	15393	51120	47895	0.0	2712
NODE_3_length_559161_cov_17.363956||0_partial	NC_074659.1	86.320	1864	242	11	29152	31010	34994	33139	0.0	2017
NODE_3_length_559161_cov_17.363956||0_partial	NC_074659.1	85.631	856	123	0	28076	28931	36076	35221	0.0	900
NODE_3_length_559161_cov_17.363956||0_partial	NC_074659.1	86.702	564	70	5	55468	56028	6578	6017	3.48e-174	621
NODE_3_length_559161_cov_17.363956||0_partial	NC_074659.1	78.211	872	178	11	43877	44742	21791	20926	6.00e-152	547
NODE_3_length_559161_cov_17.363956||0_partial	NC_074659.1	80.640	656	112	9	41813	42460	25332	24684	7.92e-136	494
NODE_3_length_559161_cov_17.363956||0_partial	NC_074659.1	90.685	365	34	0	27243	27607	36481	36117	1.33e-133	486
NODE_3_length_559161_cov_17.363956||0_partial	NC_074659.1	85.432	405	59	0	26243	26647	37735	37331	3.79e-114	422
NODE_3_length_559161_cov_17.363956||0_partial	NC_074659.1	92.199	141	11	0	26650	26790	37134	36994	1.93e-47	200
NODE_3_length_559161_cov_17.363956||0_partial	NC_074659.1	81.068	206	36	3	21560	21764	42484	42281	9.13e-36	161
NODE_3_length_559161_cov_17.363956||0_partial	NC_074659.1	96.471	85	3	0	51445	51529	13072	12988	1.19e-29	141
NODE_3_length_559161_cov_17.363956||0_partial	NC_074659.1	89.706	68	5	2	60585	60651	3355	3289	5.65e-13	86.1
NODE_3_length_559161_cov_17.363956||0_partial	NC_074659.1	92.000	50	4	0	60822	60871	2233	2184	1.58e-08	71.3
NODE_3_length_559161_cov_17.363956||0_partial	NC_074659.1	100.000	38	0	0	48782	48819	16476	16439	1.58e-08	71.3
NODE_11_length_141879_cov_17.448886||0_partial	NC_024365.1	90.476	63	6	0	7132	7194	13132	13070	8.62e-13	84.2
