NODE_3_length_522668_cov_20.515797||0_partial	NC_074659.1	89.889	4886	485	9	35058	39937	27728	32610	0.0	6277
NODE_3_length_522668_cov_20.515797||0_partial	NC_074659.1	81.925	3242	554	30	56018	59243	47895	51120	0.0	2712
NODE_3_length_522668_cov_20.515797||0_partial	NC_074659.1	86.320	1864	242	11	40401	42259	33139	34994	0.0	2017
NODE_3_length_522668_cov_20.515797||0_partial	NC_074659.1	85.631	856	123	0	42480	43335	35221	36076	0.0	900
NODE_3_length_522668_cov_20.515797||0_partial	NC_074659.1	86.702	564	70	5	15383	15943	6017	6578	5.03e-174	621
NODE_3_length_522668_cov_20.515797||0_partial	NC_074659.1	78.211	872	178	11	26669	27534	20926	21791	8.65e-152	547
NODE_3_length_522668_cov_20.515797||0_partial	NC_074659.1	80.640	656	112	9	28951	29598	24684	25332	1.14e-135	494
NODE_3_length_522668_cov_20.515797||0_partial	NC_074659.1	90.685	365	34	0	43804	44168	36117	36481	1.91e-133	486
NODE_3_length_522668_cov_20.515797||0_partial	NC_074659.1	85.432	405	59	0	44764	45168	37331	37735	5.47e-114	422
NODE_3_length_522668_cov_20.515797||0_partial	NC_074659.1	92.199	141	11	0	44621	44761	36994	37134	2.79e-47	200
NODE_3_length_522668_cov_20.515797||0_partial	NC_074659.1	81.068	206	36	3	49647	49851	42281	42484	1.32e-35	161
NODE_3_length_522668_cov_20.515797||0_partial	NC_074659.1	96.471	85	3	0	19882	19966	12988	13072	1.72e-29	141
NODE_3_length_522668_cov_20.515797||0_partial	NC_074659.1	89.706	68	5	2	10760	10826	3289	3355	8.15e-13	86.1
NODE_3_length_522668_cov_20.515797||0_partial	NC_074659.1	92.000	50	4	0	10540	10589	2184	2233	2.28e-08	71.3
NODE_3_length_522668_cov_20.515797||0_partial	NC_074659.1	100.000	38	0	0	22592	22629	16439	16476	2.28e-08	71.3
NODE_13_length_148291_cov_19.867833||0_partial	NC_030940.1	75.382	2620	572	62	11636	14218	26265	23682	0.0	1197
NODE_13_length_148291_cov_19.867833||0_partial	NC_030940.1	74.232	1595	365	38	17595	19166	19784	18213	4.57e-176	627
NODE_13_length_148291_cov_19.867833||0_partial	NC_030940.1	72.835	1513	344	51	20791	22268	16372	14892	2.28e-124	455
NODE_13_length_148291_cov_19.867833||0_partial	NC_030940.1	72.509	582	148	11	37231	37806	5388	4813	5.53e-41	178
NODE_20_length_105378_cov_19.471116||0_partial	NC_024365.1	90.476	63	6	0	24283	24345	13070	13132	7.99e-13	84.2
