NODE_22_length_94856_cov_16.493917||full	NC_070881.1	85.366	1271	180	6	65833	67100	42094	40827	0.0	1312
NODE_22_length_94856_cov_16.493917||full	NC_070881.1	82.331	266	43	3	70488	70752	35756	35494	9.73e-56	228
NODE_22_length_94856_cov_16.493917||full	NC_070881.1	100.000	33	0	0	67103	67135	40317	40285	1.04e-05	62.1
NODE_34_length_71091_cov_17.688484||full	NC_070881.1	98.214	168	3	0	3117	3284	33395	33562	7.41e-76	294
NODE_48_length_30915_cov_15.818017||full	NC_074658.1	79.187	6842	1291	114	6906	13688	20502	27269	0.0	4623
NODE_50_length_28167_cov_16.472695||full	NC_074659.1	87.454	4113	478	32	7609	11700	18564	22659	0.0	4702
NODE_50_length_28167_cov_16.472695||full	NC_074659.1	92.694	917	66	1	22651	23567	35566	36481	0.0	1321
NODE_50_length_28167_cov_16.472695||full	NC_074659.1	88.296	487	57	0	24163	24649	37331	37817	1.56e-163	584
NODE_50_length_28167_cov_16.472695||full	NC_074659.1	88.684	433	45	4	12352	12782	23925	24355	9.56e-146	525
NODE_50_length_28167_cov_16.472695||full	NC_074659.1	74.643	1120	255	24	19483	20588	31513	32617	1.63e-128	468
NODE_50_length_28167_cov_16.472695||full	NC_074659.1	78.893	488	103	0	6557	7044	17504	17991	2.24e-87	331
NODE_50_length_28167_cov_16.472695||full	NC_074659.1	83.946	299	38	10	14519	14812	26318	26611	2.96e-71	278
NODE_50_length_28167_cov_16.472695||full	NC_074659.1	93.617	141	9	0	24020	24160	36994	37134	3.04e-51	211
NODE_50_length_28167_cov_16.472695||full	NC_074659.1	89.815	108	5	4	4842	4943	16370	16477	6.77e-28	134
NODE_50_length_28167_cov_16.472695||full	NC_074659.1	89.247	93	6	3	2736	2825	12985	13076	8.82e-22	113
NODE_50_length_28167_cov_16.472695||full	NC_074659.1	95.775	71	2	1	3125	3194	13374	13444	8.82e-22	113
NODE_50_length_28167_cov_16.472695||full	NC_074659.1	100.000	34	0	0	2281	2314	11996	12029	9.01e-07	63.9
NODE_3_length_428420_cov_16.431348||0_partial	NC_074659.1	81.925	3242	554	30	14416	17641	51120	47895	0.0	2712
NODE_17_length_143685_cov_16.294329||0_partial	NC_074659.1	86.131	2466	325	15	2734	5191	47896	50352	0.0	2643
NODE_17_length_143685_cov_16.294329||0_partial	NC_074659.1	86.840	1079	141	1	1632	2709	46229	47307	0.0	1205
NODE_17_length_143685_cov_16.294329||0_partial	NC_074659.1	78.024	496	91	12	2217	2709	14480	14000	8.81e-77	296
NODE_25_length_89731_cov_16.221842||0_partial	NC_024365.1	90.476	63	6	0	9045	9107	13132	13070	9.86e-13	84.2
