NODE_23_length_111273_cov_20.020351||full	NC_030940.1	75.926	2538	547	58	32759	35266	26265	23762	0.0	1243
NODE_23_length_111273_cov_20.020351||full	NC_030940.1	72.071	2023	491	56	39557	41556	19812	17841	4.83e-149	538
NODE_63_length_1212_cov_67.400000||full	NC_028696.2	94.444	36	2	0	252	287	17685	17650	6.09e-06	56.5
NODE_63_length_1212_cov_67.400000||full	NC_028696.2	94.444	36	2	0	252	287	40310	40275	6.09e-06	56.5
NODE_2_length_561798_cov_21.101096||0_partial	NC_074659.1	88.298	4871	562	7	150466	155332	32613	27747	0.0	5830
NODE_2_length_561798_cov_21.101096||0_partial	NC_074659.1	86.686	1735	225	5	148701	150432	34867	33136	0.0	1919
NODE_2_length_561798_cov_21.101096||0_partial	NC_074659.1	75.615	2481	551	43	134023	136476	50349	47896	0.0	1181
NODE_2_length_561798_cov_21.101096||0_partial	NC_074659.1	88.430	847	98	0	147512	148358	36058	35212	0.0	1022
NODE_2_length_561798_cov_21.101096||0_partial	NC_074659.1	83.707	1025	153	10	146213	147230	37134	36117	0.0	955
NODE_2_length_561798_cov_21.101096||1_partial	NC_070881.1	84.977	852	123	3	2405	3252	37433	36583	0.0	859
NODE_2_length_561798_cov_21.101096||1_partial	NC_070881.1	81.481	189	30	4	12780	12964	27847	27660	8.09e-33	150
NODE_2_length_561798_cov_21.101096||1_partial	NC_070881.1	92.537	67	4	1	13858	13923	27435	27369	3.85e-16	95.3
NODE_4_length_466576_cov_20.415053||0_partial	NC_005262.3	77.957	372	73	7	35315	35680	15024	14656	9.80e-55	224
NODE_14_length_142455_cov_21.088616||0_partial	NC_024365.1	90.476	63	6	0	24593	24655	13070	13132	9.49e-13	84.2
NODE_18_length_136058_cov_21.377060||0_partial	NC_074659.1	89.529	191	20	0	10291	10481	47113	47303	1.05e-60	243
NODE_18_length_136058_cov_21.377060||0_partial	NC_074659.1	88.482	191	22	0	10291	10481	14194	14004	2.26e-57	231
NODE_21_length_122661_cov_21.838445||0_partial	NC_009542.2	81.132	106	18	2	2113	2217	11585	11481	5.75e-13	84.2
NODE_38_length_45880_cov_21.570574||0_partial	NC_030940.1	71.946	1490	356	47	7967	9431	14955	16407	3.13e-102	379
