NODE_63_length_1212_cov_45.846696||full	NC_028696.2	94.444	36	2	0	252	287	17685	17650	6.09e-06	56.5
NODE_63_length_1212_cov_45.846696||full	NC_028696.2	94.444	36	2	0	252	287	40310	40275	6.09e-06	56.5
NODE_2_length_561873_cov_15.748749||0_partial	NC_019504.1	75.847	236	47	8	54644	54874	30020	30250	1.37e-20	111
NODE_2_length_561873_cov_15.748749||1_partial	NC_074659.1	88.298	4871	562	7	22949	27815	27747	32613	0.0	5830
NODE_2_length_561873_cov_15.748749||1_partial	NC_074659.1	86.686	1735	225	5	27849	29580	33136	34867	0.0	1919
NODE_2_length_561873_cov_15.748749||1_partial	NC_074659.1	75.615	2481	551	43	41805	44258	47896	50349	0.0	1181
NODE_2_length_561873_cov_15.748749||1_partial	NC_074659.1	88.430	847	98	0	29923	30769	35212	36058	0.0	1022
NODE_2_length_561873_cov_15.748749||1_partial	NC_074659.1	83.707	1025	153	10	31051	32068	36117	37134	0.0	955
NODE_2_length_561873_cov_15.748749||1_partial	NC_074659.1	87.679	560	63	6	7095	7651	6017	6573	0.0	647
NODE_2_length_561873_cov_15.748749||1_partial	NC_074659.1	93.519	108	5	2	11237	11343	12966	13072	3.43e-35	159
NODE_2_length_561873_cov_15.748749||1_partial	NC_074659.1	89.706	68	5	2	2569	2635	3289	3355	5.90e-13	86.1
NODE_2_length_561873_cov_15.748749||1_partial	NC_074659.1	100.000	38	0	0	13612	13649	16439	16476	1.65e-08	71.3
NODE_5_length_367684_cov_15.126565||0_partial	NC_005262.3	77.957	372	73	7	7204	7569	14656	15024	1.04e-54	224
NODE_6_length_306350_cov_15.639740||0_partial	NC_074659.1	89.529	191	20	0	13194	13384	47113	47303	1.12e-60	243
NODE_6_length_306350_cov_15.639740||0_partial	NC_074659.1	88.482	191	22	0	13194	13384	14194	14004	2.42e-57	231
NODE_8_length_257432_cov_14.744310||0_partial	NC_030940.1	75.926	2538	547	58	18385	20892	23762	26265	0.0	1243
NODE_8_length_257432_cov_14.744310||0_partial	NC_030940.1	72.071	2023	491	56	12095	14094	17841	19812	2.07e-149	538
NODE_15_length_142756_cov_15.238998||0_partial	NC_024365.1	90.476	63	6	0	8154	8216	13132	13070	8.95e-13	84.2
NODE_18_length_126077_cov_15.743810||0_partial	NC_030940.1	71.831	1491	356	48	12983	14447	14955	16407	8.80e-99	368
