NODE_20_length_111515_cov_17.782695||full	NC_030940.1	75.926	2538	547	58	75500	78007	23762	26265	0.0	1243
NODE_20_length_111515_cov_17.782695||full	NC_030940.1	72.071	2023	491	56	69210	71209	17841	19812	4.84e-149	538
NODE_68_length_1045_cov_61.914256||full	NC_028696.2	94.444	36	2	0	877	912	17650	17685	5.41e-06	56.5
NODE_68_length_1045_cov_61.914256||full	NC_028696.2	94.444	36	2	0	877	912	40275	40310	5.41e-06	56.5
NODE_1_length_561412_cov_19.190754||0_partial	NC_074659.1	88.298	4871	562	7	150466	155332	32613	27747	0.0	5830
NODE_1_length_561412_cov_19.190754||0_partial	NC_074659.1	86.686	1735	225	5	148701	150432	34867	33136	0.0	1919
NODE_1_length_561412_cov_19.190754||0_partial	NC_074659.1	75.615	2481	551	43	134023	136476	50349	47896	0.0	1181
NODE_1_length_561412_cov_19.190754||0_partial	NC_074659.1	88.430	847	98	0	147512	148358	36058	35212	0.0	1022
NODE_1_length_561412_cov_19.190754||0_partial	NC_074659.1	83.707	1025	153	10	146213	147230	37134	36117	0.0	955
NODE_1_length_561412_cov_19.190754||1_partial	NC_070881.1	84.977	852	123	3	2405	3252	37433	36583	0.0	859
NODE_1_length_561412_cov_19.190754||1_partial	NC_070881.1	81.481	189	30	4	12780	12964	27847	27660	8.09e-33	150
NODE_1_length_561412_cov_19.190754||1_partial	NC_070881.1	92.537	67	4	1	13858	13923	27435	27369	3.85e-16	95.3
NODE_5_length_367743_cov_18.239935||0_partial	NC_005262.3	77.957	372	73	7	7204	7569	14656	15024	1.04e-54	224
NODE_6_length_328152_cov_18.623047||0_partial	NC_024365.1	90.476	63	6	0	23213	23275	13070	13132	9.14e-13	84.2
NODE_17_length_129541_cov_18.878267||0_partial	NC_074659.1	89.529	191	20	0	11857	12047	47113	47303	1.11e-60	243
NODE_17_length_129541_cov_18.878267||0_partial	NC_074659.1	88.482	191	22	0	11857	12047	14194	14004	2.39e-57	231
NODE_18_length_127803_cov_19.369972||0_partial	NC_030940.1	71.831	1491	356	48	1786	3250	16407	14955	1.77e-98	368
